 340           320 
 1             0            -200           70 
 2             21           -200           66 
 3             41           -200           56 
 4             56           -200           41 
 5             66           -200           21 
 6             70           -200          -1 
 7             66           -200          -22 
 8             56           -200          -42 
 9             41           -200          -57 
 10            21           -200          -67 
 11           -1            -200          -70 
 12           -22           -200          -67 
 13           -42           -200          -57 
 14           -57           -200          -42 
 15           -67           -200          -22 
 16           -70           -200           0 
 17           -67           -200           21 
 18           -57           -200           41 
 19           -42           -200           56 
 20           -22           -200           66 
 21            0            -150           70 
 22            21           -150           66 
 23            41           -150           56 
 24            56           -150           41 
 25            66           -150           21 
 26            70           -150          -1 
 27            66           -150          -22 
 28            56           -150          -42 
 29            41           -150          -57 
 30            21           -150          -67 
 31           -1            -150          -70 
 32           -22           -150          -67 
 33           -42           -150          -57 
 34           -57           -150          -42 
 35           -67           -150          -22 
 36           -70           -150           0 
 37           -67           -150           21 
 38           -57           -150           41 
 39           -42           -150           56 
 40           -22           -150           66 
 41            0            -75            70 
 42            21           -75            66 
 43            41           -75            56 
 44            56           -75            41 
 45            66           -75            21 
 46            70           -75           -1 
 47            66           -75           -22 
 48            56           -75           -42 
 49            41           -75           -57 
 50            21           -75           -67 
 51           -1            -75           -70 
 52           -22           -75           -67 
 53           -42           -75           -57 
 54           -57           -75           -42 
 55           -67           -75           -22 
 56           -70           -75            0 
 57           -67           -75            21 
 58           -57           -75            41 
 59           -42           -75            56 
 60           -22           -75            66 
 61            0            -50            70 
 62            21           -50            66 
 63            41           -50            56 
 64            56           -50            41 
 65            66           -50            21 
 66            70           -50           -1 
 67            66           -50           -22 
 68            56           -50           -42 
 69            41           -50           -57 
 70            21           -50           -67 
 71           -1            -50           -70 
 72           -22           -50           -67 
 73           -42           -50           -57 
 74           -57           -50           -42 
 75           -67           -50           -22 
 76           -70           -50            0 
 77           -67           -50            21 
 78           -57           -50            41 
 79           -42           -50            56 
 80           -22           -50            66 
 81            0             0             70 
 82            21            0             66 
 83            41            0             56 
 84            56            0             41 
 85            66            0             21 
 86            70            0            -1 
 87            66            0            -22 
 88            56            0            -42 
 89            41            0            -57 
 90            21            0            -67 
 91           -1             0            -70 
 92           -22            0            -67 
 93           -42            0            -57 
 94           -57            0            -42 
 95           -67            0            -22 
 96           -70            0             0 
 97           -67            0             21 
 98           -57            0             41 
 99           -42            0             56 
 100          -22            0             66 
 101           0             30            67 
 102           20            30            63 
 103           39            30            54 
 104           54            30            39 
 105           63            30            20 
 106           67            30           -1 
 107           63            30           -21 
 108           54            30           -40 
 109           39            30           -55 
 110           20            30           -64 
 111          -1             30           -67 
 112          -21            30           -64 
 113          -40            30           -55 
 114          -55            30           -40 
 115          -64            30           -21 
 116          -67            30            0 
 117          -64            30            20 
 118          -55            30            39 
 119          -40            30            54 
 120          -21            30            63 
 121           0             50            65 
 122           20            50            61 
 123           38            50            52 
 124           52            50            38 
 125           61            50            20 
 126           65            50           -1 
 127           61            50           -21 
 128           52            50           -39 
 129           38            50           -53 
 130           20            50           -62 
 131          -1             50           -65 
 132          -21            50           -62 
 133          -39            50           -53 
 134          -53            50           -39 
 135          -62            50           -21 
 136          -65            50            0 
 137          -62            50            20 
 138          -53            50            38 
 139          -39            50            52 
 140          -21            50            61 
 141           0             65            55 
 142           16            65            52 
 143           32            65            44 
 144           44            65            32 
 145           52            65            16 
 146           55            65           -1 
 147           52            65           -17 
 148           44            65           -33 
 149           32            65           -45 
 150           16            65           -53 
 151          -1             65           -55 
 152          -17            65           -53 
 153          -33            65           -45 
 154          -45            65           -33 
 155          -53            65           -17 
 156          -55            65            0 
 157          -53            65            16 
 158          -45            65            32 
 159          -33            65            44 
 160          -17            65            52 
 161           0             75            40 
 162           12            75            38 
 163           23            75            32 
 164           32            75            23 
 165           38            75            12 
 166           40            75           -1 
 167           38            75           -13 
 168           32            75           -24 
 169           23            75           -33 
 170           12            75           -39 
 171          -1             75           -40 
 172          -13            75           -39 
 173          -24            75           -33 
 174          -33            75           -24 
 175          -39            75           -13 
 176          -40            75            0 
 177          -39            75            12 
 178          -33            75            23 
 179          -24            75            32 
 180          -13            75            38 
 181           0             85            40 
 182           12            85            38 
 183           23            85            32 
 184           32            85            23 
 185           38            85            12 
 186           40            85           -1 
 187           38            85           -13 
 188           32            85           -24 
 189           23            85           -33 
 190           12            85           -39 
 191          -1             85           -40 
 192          -13            85           -39 
 193          -24            85           -33 
 194          -33            85           -24 
 195          -39            85           -13 
 196          -40            85            0 
 197          -39            85            12 
 198          -33            85            23 
 199          -24            85            32 
 200          -13            85            38 
 201           0             100           30 
 202           9             100           28 
 203           17            100           24 
 204           24            100           17 
 205           28            100           9 
 206           30            100          -1 
 207           28            100          -10 
 208           24            100          -18 
 209           17            100          -25 
 210           9             100          -29 
 211          -1             100          -30 
 212          -10            100          -29 
 213          -18            100          -25 
 214          -25            100          -18 
 215          -29            100          -10 
 216          -30            100           0 
 217          -29            100           9 
 218          -25            100           17 
 219          -18            100           24 
 220          -10            100           28 
 221           0             115           20 
 222           6             115           19 
 223           11            115           16 
 224           16            115           11 
 225           19            115           6 
 226           20            115          -1 
 227           19            115          -7 
 228           16            115          -12 
 229           11            115          -17 
 230           6             115          -20 
 231          -1             115          -20 
 232          -7             115          -20 
 233          -12            115          -17 
 234          -17            115          -12 
 235          -20            115          -7 
 236          -20            115           0 
 237          -20            115           6 
 238          -17            115           11 
 239          -12            115           16 
 240          -7             115           19 
 241           0             130           20 
 242           6             130           19 
 243           11            130           16 
 244           16            130           11 
 245           19            130           6 
 246           20            130          -1 
 247           19            130          -7 
 248           16            130          -12 
 249           11            130          -17 
 250           6             130          -20 
 251          -1             130          -20 
 252          -7             130          -20 
 253          -12            130          -17 
 254          -17            130          -12 
 255          -20            130          -7 
 256          -20            130           0 
 257          -20            130           6 
 258          -17            130           11 
 259          -12            130           16 
 260          -7             130           19 
 261           0             135           25 
 262           7             135           23 
 263           14            135           20 
 264           20            135           14 
 265           23            135           7 
 266           25            135          -1 
 267           23            135          -8 
 268           20            135          -15 
 269           14            135          -21 
 270           7             135          -24 
 271          -1             135          -25 
 272          -8             135          -24 
 273          -15            135          -21 
 274          -21            135          -15 
 275          -24            135          -8 
 276          -25            135           0 
 277          -24            135           7 
 278          -21            135           14 
 279          -15            135           20 
 280          -8             135           23 
 281           0             140           27 
 282           8             140           25 
 283           15            140           21 
 284           21            140           15 
 285           25            140           8 
 286           27            140          -1 
 287           25            140          -9 
 288           21            140          -16 
 289           15            140          -22 
 290           8             140          -26 
 291          -1             140          -27 
 292          -9             140          -26 
 293          -16            140          -22 
 294          -22            140          -16 
 295          -26            140          -9 
 296          -27            140           0 
 297          -26            140           8 
 298          -22            140           15 
 299          -16            140           21 
 300          -9             140           25 
 301           0             145           27 
 302           8             145           25 
 303           15            145           21 
 304           21            145           15 
 305           25            145           8 
 306           27            145          -1 
 307           25            145          -9 
 308           21            145          -16 
 309           15            145          -22 
 310           8             145          -26 
 311          -1             145          -27 
 312          -9             145          -26 
 313          -16            145          -22 
 314          -22            145          -16 
 315          -26            145          -9 
 316          -27            145           0 
 317          -26            145           8 
 318          -22            145           15 
 319          -16            145           21 
 320          -9             145           25 
 321           0             150           25 
 322           7             150           23 
 323           14            150           20 
 324           20            150           14 
 325           23            150           7 
 326           25            150          -1 
 327           23            150          -8 
 328           20            150          -15 
 329           14            150          -21 
 330           7             150          -24 
 331          -1             150          -25 
 332          -8             150          -24 
 333          -15            150          -21 
 334          -21            150          -15 
 335          -24            150          -8 
 336          -25            150           0 
 337          -24            150           7 
 338          -21            150           14 
 339          -15            150           20 
 340          -8             150           23 
 1             4             1             2             22            21 
 2             4             2             3             23            22 
 3             4             3             4             24            23 
 4             4             4             5             25            24 
 5             4             5             6             26            25 
 6             4             6             7             27            26 
 7             4             7             8             28            27 
 8             4             8             9             29            28 
 9             4             9             10            30            29 
 10            4             10            11            31            30 
 11            4             11            12            32            31 
 12            4             12            13            33            32 
 13            4             13            14            34            33 
 14            4             14            15            35            34 
 15            4             15            16            36            35 
 16            4             16            17            37            36 
 17            4             17            18            38            37 
 18            4             18            19            39            38 
 19            4             19            20            40            39 
 20            4             20            1             21            40 
 21            4             21            22            42            41 
 22            4             22            23            43            42 
 23            4             23            24            44            43 
 24            4             24            25            45            44 
 25            4             25            26            46            45 
 26            4             26            27            47            46 
 27            4             27            28            48            47 
 28            4             28            29            49            48 
 29            4             29            30            50            49 
 30            4             30            31            51            50 
 31            4             31            32            52            51 
 32            4             32            33            53            52 
 33            4             33            34            54            53 
 34            4             34            35            55            54 
 35            4             35            36            56            55 
 36            4             36            37            57            56 
 37            4             37            38            58            57 
 38            4             38            39            59            58 
 39            4             39            40            60            59 
 40            4             40            21            41            60 
 41            4             41            42            62            61 
 42            4             42            43            63            62 
 43            4             43            44            64            63 
 44            4             44            45            65            64 
 45            4             45            46            66            65 
 46            4             46            47            67            66 
 47            4             47            48            68            67 
 48            4             48            49            69            68 
 49            4             49            50            70            69 
 50            4             50            51            71            70 
 51            4             51            52            72            71 
 52            4             52            53            73            72 
 53            4             53            54            74            73 
 54            4             54            55            75            74 
 55            4             55            56            76            75 
 56            4             56            57            77            76 
 57            4             57            58            78            77 
 58            4             58            59            79            78 
 59            4             59            60            80            79 
 60            4             60            41            61            80 
 61            4             61            62            82            81 
 62            4             62            63            83            82 
 63            4             63            64            84            83 
 64            4             64            65            85            84 
 65            4             65            66            86            85 
 66            4             66            67            87            86 
 67            4             67            68            88            87 
 68            4             68            69            89            88 
 69            4             69            70            90            89 
 70            4             70            71            91            90 
 71            4             71            72            92            91 
 72            4             72            73            93            92 
 73            4             73            74            94            93 
 74            4             74            75            95            94 
 75            4             75            76            96            95 
 76            4             76            77            97            96 
 77            4             77            78            98            97 
 78            4             78            79            99            98 
 79            4             79            80            100           99 
 80            4             80            61            81            100 
 81            4             81            82            102           101 
 82            4             82            83            103           102 
 83            4             83            84            104           103 
 84            4             84            85            105           104 
 85            4             85            86            106           105 
 86            4             86            87            107           106 
 87            4             87            88            108           107 
 88            4             88            89            109           108 
 89            4             89            90            110           109 
 90            4             90            91            111           110 
 91            4             91            92            112           111 
 92            4             92            93            113           112 
 93            4             93            94            114           113 
 94            4             94            95            115           114 
 95            4             95            96            116           115 
 96            4             96            97            117           116 
 97            4             97            98            118           117 
 98            4             98            99            119           118 
 99            4             99            100           120           119 
 100           4             100           81            101           120 
 101           4             101           102           122           121 
 102           4             102           103           123           122 
 103           4             103           104           124           123 
 104           4             104           105           125           124 
 105           4             105           106           126           125 
 106           4             106           107           127           126 
 107           4             107           108           128           127 
 108           4             108           109           129           128 
 109           4             109           110           130           129 
 110           4             110           111           131           130 
 111           4             111           112           132           131 
 112           4             112           113           133           132 
 113           4             113           114           134           133 
 114           4             114           115           135           134 
 115           4             115           116           136           135 
 116           4             116           117           137           136 
 117           4             117           118           138           137 
 118           4             118           119           139           138 
 119           4             119           120           140           139 
 120           4             120           101           121           140 
 121           4             121           122           142           141 
 122           4             122           123           143           142 
 123           4             123           124           144           143 
 124           4             124           125           145           144 
 125           4             125           126           146           145 
 126           4             126           127           147           146 
 127           4             127           128           148           147 
 128           4             128           129           149           148 
 129           4             129           130           150           149 
 130           4             130           131           151           150 
 131           4             131           132           152           151 
 132           4             132           133           153           152 
 133           4             133           134           154           153 
 134           4             134           135           155           154 
 135           4             135           136           156           155 
 136           4             136           137           157           156 
 137           4             137           138           158           157 
 138           4             138           139           159           158 
 139           4             139           140           160           159 
 140           4             140           121           141           160 
 141           4             141           142           162           161 
 142           4             142           143           163           162 
 143           4             143           144           164           163 
 144           4             144           145           165           164 
 145           4             145           146           166           165 
 146           4             146           147           167           166 
 147           4             147           148           168           167 
 148           4             148           149           169           168 
 149           4             149           150           170           169 
 150           4             150           151           171           170 
 151           4             151           152           172           171 
 152           4             152           153           173           172 
 153           4             153           154           174           173 
 154           4             154           155           175           174 
 155           4             155           156           176           175 
 156           4             156           157           177           176 
 157           4             157           158           178           177 
 158           4             158           159           179           178 
 159           4             159           160           180           179 
 160           4             160           141           161           180 
 161           4             161           162           182           181 
 162           4             162           163           183           182 
 163           4             163           164           184           183 
 164           4             164           165           185           184 
 165           4             165           166           186           185 
 166           4             166           167           187           186 
 167           4             167           168           188           187 
 168           4             168           169           189           188 
 169           4             169           170           190           189 
 170           4             170           171           191           190 
 171           4             171           172           192           191 
 172           4             172           173           193           192 
 173           4             173           174           194           193 
 174           4             174           175           195           194 
 175           4             175           176           196           195 
 176           4             176           177           197           196 
 177           4             177           178           198           197 
 178           4             178           179           199           198 
 179           4             179           180           200           199 
 180           4             180           161           181           200 
 181           4             181           182           202           201 
 182           4             182           183           203           202 
 183           4             183           184           204           203 
 184           4             184           185           205           204 
 185           4             185           186           206           205 
 186           4             186           187           207           206 
 187           4             187           188           208           207 
 188           4             188           189           209           208 
 189           4             189           190           210           209 
 190           4             190           191           211           210 
 191           4             191           192           212           211 
 192           4             192           193           213           212 
 193           4             193           194           214           213 
 194           4             194           195           215           214 
 195           4             195           196           216           215 
 196           4             196           197           217           216 
 197           4             197           198           218           217 
 198           4             198           199           219           218 
 199           4             199           200           220           219 
 200           4             200           181           201           220 
 201           4             201           202           222           221 
 202           4             202           203           223           222 
 203           4             203           204           224           223 
 204           4             204           205           225           224 
 205           4             205           206           226           225 
 206           4             206           207           227           226 
 207           4             207           208           228           227 
 208           4             208           209           229           228 
 209           4             209           210           230           229 
 210           4             210           211           231           230 
 211           4             211           212           232           231 
 212           4             212           213           233           232 
 213           4             213           214           234           233 
 214           4             214           215           235           234 
 215           4             215           216           236           235 
 216           4             216           217           237           236 
 217           4             217           218           238           237 
 218           4             218           219           239           238 
 219           4             219           220           240           239 
 220           4             220           201           221           240 
 221           4             221           222           242           241 
 222           4             222           223           243           242 
 223           4             223           224           244           243 
 224           4             224           225           245           244 
 225           4             225           226           246           245 
 226           4             226           227           247           246 
 227           4             227           228           248           247 
 228           4             228           229           249           248 
 229           4             229           230           250           249 
 230           4             230           231           251           250 
 231           4             231           232           252           251 
 232           4             232           233           253           252 
 233           4             233           234           254           253 
 234           4             234           235           255           254 
 235           4             235           236           256           255 
 236           4             236           237           257           256 
 237           4             237           238           258           257 
 238           4             238           239           259           258 
 239           4             239           240           260           259 
 240           4             240           221           241           260 
 241           4             241           242           262           261 
 242           4             242           243           263           262 
 243           4             243           244           264           263 
 244           4             244           245           265           264 
 245           4             245           246           266           265 
 246           4             246           247           267           266 
 247           4             247           248           268           267 
 248           4             248           249           269           268 
 249           4             249           250           270           269 
 250           4             250           251           271           270 
 251           4             251           252           272           271 
 252           4             252           253           273           272 
 253           4             253           254           274           273 
 254           4             254           255           275           274 
 255           4             255           256           276           275 
 256           4             256           257           277           276 
 257           4             257           258           278           277 
 258           4             258           259           279           278 
 259           4             259           260           280           279 
 260           4             260           241           261           280 
 261           4             261           262           282           281 
 262           4             262           263           283           282 
 263           4             263           264           284           283 
 264           4             264           265           285           284 
 265           4             265           266           286           285 
 266           4             266           267           287           286 
 267           4             267           268           288           287 
 268           4             268           269           289           288 
 269           4             269           270           290           289 
 270           4             270           271           291           290 
 271           4             271           272           292           291 
 272           4             272           273           293           292 
 273           4             273           274           294           293 
 274           4             274           275           295           294 
 275           4             275           276           296           295 
 276           4             276           277           297           296 
 277           4             277           278           298           297 
 278           4             278           279           299           298 
 279           4             279           280           300           299 
 280           4             280           261           281           300 
 281           4             281           282           302           301 
 282           4             282           283           303           302 
 283           4             283           284           304           303 
 284           4             284           285           305           304 
 285           4             285           286           306           305 
 286           4             286           287           307           306 
 287           4             287           288           308           307 
 288           4             288           289           309           308 
 289           4             289           290           310           309 
 290           4             290           291           311           310 
 291           4             291           292           312           311 
 292           4             292           293           313           312 
 293           4             293           294           314           313 
 294           4             294           295           315           314 
 295           4             295           296           316           315 
 296           4             296           297           317           316 
 297           4             297           298           318           317 
 298           4             298           299           319           318 
 299           4             299           300           320           319 
 300           4             300           281           301           320 
 301           4             301           302           322           321 
 302           4             302           303           323           322 
 303           4             303           304           324           323 
 304           4             304           305           325           324 
 305           4             305           306           326           325 
 306           4             306           307           327           326 
 307           4             307           308           328           327 
 308           4             308           309           329           328 
 309           4             309           310           330           329 
 310           4             310           311           331           330 
 311           4             311           312           332           331 
 312           4             312           313           333           332 
 313           4             313           314           334           333 
 314           4             314           315           335           334 
 315           4             315           316           336           335 
 316           4             316           317           337           336 
 317           4             317           318           338           337 
 318           4             318           319           339           338 
 319           4             319           320           340           339 
 320           4             320           301           321           340 
