 400           380 
 1             0            -100           100 
 2             30           -100           95 
 3             58           -100           80 
 4             80           -100           58 
 5             95           -100           30 
 6             100          -100          -1 
 7             95           -100          -31 
 8             80           -100          -59 
 9             58           -100          -81 
 10            30           -100          -96 
 11           -1            -100          -100 
 12           -31           -100          -96 
 13           -59           -100          -81 
 14           -81           -100          -59 
 15           -96           -100          -31 
 16           -100          -100           0 
 17           -96           -100           30 
 18           -81           -100           58 
 19           -59           -100           80 
 20           -31           -100           95 
 21            0            -90            90 
 22            27           -90            85 
 23            52           -90            72 
 24            72           -90            52 
 25            85           -90            27 
 26            90           -90           -1 
 27            85           -90           -28 
 28            72           -90           -53 
 29            52           -90           -73 
 30            27           -90           -86 
 31           -1            -90           -90 
 32           -28           -90           -86 
 33           -53           -90           -73 
 34           -73           -90           -53 
 35           -86           -90           -28 
 36           -90           -90            0 
 37           -86           -90            27 
 38           -73           -90            52 
 39           -53           -90            72 
 40           -28           -90            85 
 41            0            -70            70 
 42            21           -70            66 
 43            41           -70            56 
 44            56           -70            41 
 45            66           -70            21 
 46            70           -70           -1 
 47            66           -70           -22 
 48            56           -70           -42 
 49            41           -70           -57 
 50            21           -70           -67 
 51           -1            -70           -70 
 52           -22           -70           -67 
 53           -42           -70           -57 
 54           -57           -70           -42 
 55           -67           -70           -22 
 56           -70           -70            0 
 57           -67           -70            21 
 58           -57           -70            41 
 59           -42           -70            56 
 60           -22           -70            66 
 61            0            -60            60 
 62            18           -60            57 
 63            35           -60            48 
 64            48           -60            35 
 65            57           -60            18 
 66            60           -60           -1 
 67            57           -60           -19 
 68            48           -60           -36 
 69            35           -60           -49 
 70            18           -60           -58 
 71           -1            -60           -60 
 72           -19           -60           -58 
 73           -36           -60           -49 
 74           -49           -60           -36 
 75           -58           -60           -19 
 76           -60           -60            0 
 77           -58           -60            18 
 78           -49           -60            35 
 79           -36           -60            48 
 80           -19           -60            57 
 81            0            -50            40 
 82            12           -50            38 
 83            23           -50            32 
 84            32           -50            23 
 85            38           -50            12 
 86            40           -50           -1 
 87            38           -50           -13 
 88            32           -50           -24 
 89            23           -50           -33 
 90            12           -50           -39 
 91           -1            -50           -40 
 92           -13           -50           -39 
 93           -24           -50           -33 
 94           -33           -50           -24 
 95           -39           -50           -13 
 96           -40           -50            0 
 97           -39           -50            12 
 98           -33           -50            23 
 99           -24           -50            32 
 100          -13           -50            38 
 101           0            -40            30 
 102           9            -40            28 
 103           17           -40            24 
 104           24           -40            17 
 105           28           -40            9 
 106           30           -40           -1 
 107           28           -40           -10 
 108           24           -40           -18 
 109           17           -40           -25 
 110           9            -40           -29 
 111          -1            -40           -30 
 112          -10           -40           -29 
 113          -18           -40           -25 
 114          -25           -40           -18 
 115          -29           -40           -10 
 116          -30           -40            0 
 117          -29           -40            9 
 118          -25           -40            17 
 119          -18           -40            24 
 120          -10           -40            28 
 121           0            -30            20 
 122           6            -30            19 
 123           11           -30            16 
 124           16           -30            11 
 125           19           -30            6 
 126           20           -30           -1 
 127           19           -30           -7 
 128           16           -30           -12 
 129           11           -30           -17 
 130           6            -30           -20 
 131          -1            -30           -20 
 132          -7            -30           -20 
 133          -12           -30           -17 
 134          -17           -30           -12 
 135          -20           -30           -7 
 136          -20           -30            0 
 137          -20           -30            6 
 138          -17           -30            11 
 139          -12           -30            16 
 140          -7            -30            19 
 141           0            -20            17 
 142           5            -20            16 
 143           9            -20            13 
 144           13           -20            9 
 145           16           -20            5 
 146           17           -20           -1 
 147           16           -20           -6 
 148           13           -20           -10 
 149           9            -20           -14 
 150           5            -20           -17 
 151          -1            -20           -17 
 152          -6            -20           -17 
 153          -10           -20           -14 
 154          -14           -20           -10 
 155          -17           -20           -6 
 156          -17           -20            0 
 157          -17           -20            5 
 158          -14           -20            9 
 159          -10           -20            13 
 160          -6            -20            16 
 161           0            -10            13 
 162           4            -10            12 
 163           7            -10            10 
 164           10           -10            7 
 165           12           -10            4 
 166           13           -10           -1 
 167           12           -10           -5 
 168           10           -10           -8 
 169           7            -10           -11 
 170           4            -10           -13 
 171          -1            -10           -13 
 172          -5            -10           -13 
 173          -8            -10           -11 
 174          -11           -10           -8 
 175          -13           -10           -5 
 176          -13           -10            0 
 177          -13           -10            4 
 178          -11           -10            7 
 179          -8            -10            10 
 180          -5            -10            12 
 181           0             0             10 
 182           3             0             9 
 183           5             0             8 
 184           8             0             5 
 185           9             0             3 
 186           10            0            -1 
 187           9             0            -4 
 188           8             0            -6 
 189           5             0            -9 
 190           3             0            -10 
 191          -1             0            -10 
 192          -4             0            -10 
 193          -6             0            -9 
 194          -9             0            -6 
 195          -10            0            -4 
 196          -10            0             0 
 197          -10            0             3 
 198          -9             0             5 
 199          -6             0             8 
 200          -4             0             9 
 201           0             10            40 
 202           12            10            38 
 203           23            10            32 
 204           32            10            23 
 205           38            10            12 
 206           40            10           -1 
 207           38            10           -13 
 208           32            10           -24 
 209           23            10           -33 
 210           12            10           -39 
 211          -1             10           -40 
 212          -13            10           -39 
 213          -24            10           -33 
 214          -33            10           -24 
 215          -39            10           -13 
 216          -40            10            0 
 217          -39            10            12 
 218          -33            10            23 
 219          -24            10            32 
 220          -13            10            38 
 221           0             20            70 
 222           21            20            66 
 223           41            20            56 
 224           56            20            41 
 225           66            20            21 
 226           70            20           -1 
 227           66            20           -22 
 228           56            20           -42 
 229           41            20           -57 
 230           21            20           -67 
 231          -1             20           -70 
 232          -22            20           -67 
 233          -42            20           -57 
 234          -57            20           -42 
 235          -67            20           -22 
 236          -70            20            0 
 237          -67            20            21 
 238          -57            20            41 
 239          -42            20            56 
 240          -22            20            66 
 241           0             30            100 
 242           30            30            95 
 243           58            30            80 
 244           80            30            58 
 245           95            30            30 
 246           100           30           -1 
 247           95            30           -31 
 248           80            30           -59 
 249           58            30           -81 
 250           30            30           -96 
 251          -1             30           -100 
 252          -31            30           -96 
 253          -59            30           -81 
 254          -81            30           -59 
 255          -96            30           -31 
 256          -100           30            0 
 257          -96            30            30 
 258          -81            30            58 
 259          -59            30            80 
 260          -31            30            95 
 261           0             40            110 
 262           33            40            104 
 263           64            40            88 
 264           88            40            64 
 265           104           40            33 
 266           110           40           -1 
 267           104           40           -34 
 268           88            40           -65 
 269           64            40           -89 
 270           33            40           -105 
 271          -1             40           -110 
 272          -34            40           -105 
 273          -65            40           -89 
 274          -89            40           -65 
 275          -105           40           -34 
 276          -110           40            0 
 277          -105           40            33 
 278          -89            40            64 
 279          -65            40            88 
 280          -34            40            104 
 281           0             50            120 
 282           37            50            114 
 283           70            50            97 
 284           97            50            70 
 285           114           50            37 
 286           120           50           -1 
 287           114           50           -38 
 288           97            50           -71 
 289           70            50           -98 
 290           37            50           -115 
 291          -1             50           -120 
 292          -38            50           -115 
 293          -71            50           -98 
 294          -98            50           -71 
 295          -115           50           -38 
 296          -120           50            0 
 297          -115           50            37 
 298          -98            50            70 
 299          -71            50            97 
 300          -38            50            114 
 301           0             70            130 
 302           40            70            123 
 303           76            70            105 
 304           105           70            76 
 305           123           70            40 
 306           130           70           -1 
 307           123           70           -41 
 308           105           70           -77 
 309           76            70           -106 
 310           40            70           -124 
 311          -1             70           -130 
 312          -41            70           -124 
 313          -77            70           -106 
 314          -106           70           -77 
 315          -124           70           -41 
 316          -130           70            0 
 317          -124           70            40 
 318          -106           70            76 
 319          -77            70            105 
 320          -41            70            123 
 321           0             90            135 
 322           41            90            128 
 323           79            90            109 
 324           109           90            79 
 325           128           90            41 
 326           135           90           -1 
 327           128           90           -42 
 328           109           90           -80 
 329           79            90           -110 
 330           41            90           -129 
 331          -1             90           -135 
 332          -42            90           -129 
 333          -80            90           -110 
 334          -110           90           -80 
 335          -129           90           -42 
 336          -135           90            0 
 337          -129           90            41 
 338          -110           90            79 
 339          -80            90            109 
 340          -42            90            128 
 341           0             110           140 
 342           43            110           133 
 343           82            110           113 
 344           113           110           82 
 345           133           110           43 
 346           140           110          -1 
 347           133           110          -44 
 348           113           110          -83 
 349           82            110          -114 
 350           43            110          -134 
 351          -1             110          -140 
 352          -44            110          -134 
 353          -83            110          -114 
 354          -114           110          -83 
 355          -134           110          -44 
 356          -140           110           0 
 357          -134           110           43 
 358          -114           110           82 
 359          -83            110           113 
 360          -44            110           133 
 361           0             130           145 
 362           44            130           137 
 363           85            130           117 
 364           117           130           85 
 365           137           130           44 
 366           145           130          -1 
 367           137           130          -45 
 368           117           130          -86 
 369           85            130          -118 
 370           44            130          -138 
 371          -1             130          -145 
 372          -45            130          -138 
 373          -86            130          -118 
 374          -118           130          -86 
 375          -138           130          -45 
 376          -145           130           0 
 377          -138           130           44 
 378          -118           130           85 
 379          -86            130           117 
 380          -45            130           137 
 381           0             150           150 
 382           46            150           142 
 383           88            150           121 
 384           121           150           88 
 385           142           150           46 
 386           150           150          -1 
 387           142           150          -47 
 388           121           150          -89 
 389           88            150          -122 
 390           46            150          -143 
 391          -1             150          -150 
 392          -47            150          -143 
 393          -89            150          -122 
 394          -122           150          -89 
 395          -143           150          -47 
 396          -150           150           0 
 397          -143           150           46 
 398          -122           150           88 
 399          -89            150           121 
 400          -47            150           142 
 1             4             1             2             22            21 
 2             4             2             3             23            22 
 3             4             3             4             24            23 
 4             4             4             5             25            24 
 5             4             5             6             26            25 
 6             4             6             7             27            26 
 7             4             7             8             28            27 
 8             4             8             9             29            28 
 9             4             9             10            30            29 
 10            4             10            11            31            30 
 11            4             11            12            32            31 
 12            4             12            13            33            32 
 13            4             13            14            34            33 
 14            4             14            15            35            34 
 15            4             15            16            36            35 
 16            4             16            17            37            36 
 17            4             17            18            38            37 
 18            4             18            19            39            38 
 19            4             19            20            40            39 
 20            4             20            1             21            40 
 21            4             21            22            42            41 
 22            4             22            23            43            42 
 23            4             23            24            44            43 
 24            4             24            25            45            44 
 25            4             25            26            46            45 
 26            4             26            27            47            46 
 27            4             27            28            48            47 
 28            4             28            29            49            48 
 29            4             29            30            50            49 
 30            4             30            31            51            50 
 31            4             31            32            52            51 
 32            4             32            33            53            52 
 33            4             33            34            54            53 
 34            4             34            35            55            54 
 35            4             35            36            56            55 
 36            4             36            37            57            56 
 37            4             37            38            58            57 
 38            4             38            39            59            58 
 39            4             39            40            60            59 
 40            4             40            21            41            60 
 41            4             41            42            62            61 
 42            4             42            43            63            62 
 43            4             43            44            64            63 
 44            4             44            45            65            64 
 45            4             45            46            66            65 
 46            4             46            47            67            66 
 47            4             47            48            68            67 
 48            4             48            49            69            68 
 49            4             49            50            70            69 
 50            4             50            51            71            70 
 51            4             51            52            72            71 
 52            4             52            53            73            72 
 53            4             53            54            74            73 
 54            4             54            55            75            74 
 55            4             55            56            76            75 
 56            4             56            57            77            76 
 57            4             57            58            78            77 
 58            4             58            59            79            78 
 59            4             59            60            80            79 
 60            4             60            41            61            80 
 61            4             61            62            82            81 
 62            4             62            63            83            82 
 63            4             63            64            84            83 
 64            4             64            65            85            84 
 65            4             65            66            86            85 
 66            4             66            67            87            86 
 67            4             67            68            88            87 
 68            4             68            69            89            88 
 69            4             69            70            90            89 
 70            4             70            71            91            90 
 71            4             71            72            92            91 
 72            4             72            73            93            92 
 73            4             73            74            94            93 
 74            4             74            75            95            94 
 75            4             75            76            96            95 
 76            4             76            77            97            96 
 77            4             77            78            98            97 
 78            4             78            79            99            98 
 79            4             79            80            100           99 
 80            4             80            61            81            100 
 81            4             81            82            102           101 
 82            4             82            83            103           102 
 83            4             83            84            104           103 
 84            4             84            85            105           104 
 85            4             85            86            106           105 
 86            4             86            87            107           106 
 87            4             87            88            108           107 
 88            4             88            89            109           108 
 89            4             89            90            110           109 
 90            4             90            91            111           110 
 91            4             91            92            112           111 
 92            4             92            93            113           112 
 93            4             93            94            114           113 
 94            4             94            95            115           114 
 95            4             95            96            116           115 
 96            4             96            97            117           116 
 97            4             97            98            118           117 
 98            4             98            99            119           118 
 99            4             99            100           120           119 
 100           4             100           81            101           120 
 101           4             101           102           122           121 
 102           4             102           103           123           122 
 103           4             103           104           124           123 
 104           4             104           105           125           124 
 105           4             105           106           126           125 
 106           4             106           107           127           126 
 107           4             107           108           128           127 
 108           4             108           109           129           128 
 109           4             109           110           130           129 
 110           4             110           111           131           130 
 111           4             111           112           132           131 
 112           4             112           113           133           132 
 113           4             113           114           134           133 
 114           4             114           115           135           134 
 115           4             115           116           136           135 
 116           4             116           117           137           136 
 117           4             117           118           138           137 
 118           4             118           119           139           138 
 119           4             119           120           140           139 
 120           4             120           101           121           140 
 121           4             121           122           142           141 
 122           4             122           123           143           142 
 123           4             123           124           144           143 
 124           4             124           125           145           144 
 125           4             125           126           146           145 
 126           4             126           127           147           146 
 127           4             127           128           148           147 
 128           4             128           129           149           148 
 129           4             129           130           150           149 
 130           4             130           131           151           150 
 131           4             131           132           152           151 
 132           4             132           133           153           152 
 133           4             133           134           154           153 
 134           4             134           135           155           154 
 135           4             135           136           156           155 
 136           4             136           137           157           156 
 137           4             137           138           158           157 
 138           4             138           139           159           158 
 139           4             139           140           160           159 
 140           4             140           121           141           160 
 141           4             141           142           162           161 
 142           4             142           143           163           162 
 143           4             143           144           164           163 
 144           4             144           145           165           164 
 145           4             145           146           166           165 
 146           4             146           147           167           166 
 147           4             147           148           168           167 
 148           4             148           149           169           168 
 149           4             149           150           170           169 
 150           4             150           151           171           170 
 151           4             151           152           172           171 
 152           4             152           153           173           172 
 153           4             153           154           174           173 
 154           4             154           155           175           174 
 155           4             155           156           176           175 
 156           4             156           157           177           176 
 157           4             157           158           178           177 
 158           4             158           159           179           178 
 159           4             159           160           180           179 
 160           4             160           141           161           180 
 161           4             161           162           182           181 
 162           4             162           163           183           182 
 163           4             163           164           184           183 
 164           4             164           165           185           184 
 165           4             165           166           186           185 
 166           4             166           167           187           186 
 167           4             167           168           188           187 
 168           4             168           169           189           188 
 169           4             169           170           190           189 
 170           4             170           171           191           190 
 171           4             171           172           192           191 
 172           4             172           173           193           192 
 173           4             173           174           194           193 
 174           4             174           175           195           194 
 175           4             175           176           196           195 
 176           4             176           177           197           196 
 177           4             177           178           198           197 
 178           4             178           179           199           198 
 179           4             179           180           200           199 
 180           4             180           161           181           200 
 181           4             181           182           202           201 
 182           4             182           183           203           202 
 183           4             183           184           204           203 
 184           4             184           185           205           204 
 185           4             185           186           206           205 
 186           4             186           187           207           206 
 187           4             187           188           208           207 
 188           4             188           189           209           208 
 189           4             189           190           210           209 
 190           4             190           191           211           210 
 191           4             191           192           212           211 
 192           4             192           193           213           212 
 193           4             193           194           214           213 
 194           4             194           195           215           214 
 195           4             195           196           216           215 
 196           4             196           197           217           216 
 197           4             197           198           218           217 
 198           4             198           199           219           218 
 199           4             199           200           220           219 
 200           4             200           181           201           220 
 201           4             201           202           222           221 
 202           4             202           203           223           222 
 203           4             203           204           224           223 
 204           4             204           205           225           224 
 205           4             205           206           226           225 
 206           4             206           207           227           226 
 207           4             207           208           228           227 
 208           4             208           209           229           228 
 209           4             209           210           230           229 
 210           4             210           211           231           230 
 211           4             211           212           232           231 
 212           4             212           213           233           232 
 213           4             213           214           234           233 
 214           4             214           215           235           234 
 215           4             215           216           236           235 
 216           4             216           217           237           236 
 217           4             217           218           238           237 
 218           4             218           219           239           238 
 219           4             219           220           240           239 
 220           4             220           201           221           240 
 221           4             221           222           242           241 
 222           4             222           223           243           242 
 223           4             223           224           244           243 
 224           4             224           225           245           244 
 225           4             225           226           246           245 
 226           4             226           227           247           246 
 227           4             227           228           248           247 
 228           4             228           229           249           248 
 229           4             229           230           250           249 
 230           4             230           231           251           250 
 231           4             231           232           252           251 
 232           4             232           233           253           252 
 233           4             233           234           254           253 
 234           4             234           235           255           254 
 235           4             235           236           256           255 
 236           4             236           237           257           256 
 237           4             237           238           258           257 
 238           4             238           239           259           258 
 239           4             239           240           260           259 
 240           4             240           221           241           260 
 241           4             241           242           262           261 
 242           4             242           243           263           262 
 243           4             243           244           264           263 
 244           4             244           245           265           264 
 245           4             245           246           266           265 
 246           4             246           247           267           266 
 247           4             247           248           268           267 
 248           4             248           249           269           268 
 249           4             249           250           270           269 
 250           4             250           251           271           270 
 251           4             251           252           272           271 
 252           4             252           253           273           272 
 253           4             253           254           274           273 
 254           4             254           255           275           274 
 255           4             255           256           276           275 
 256           4             256           257           277           276 
 257           4             257           258           278           277 
 258           4             258           259           279           278 
 259           4             259           260           280           279 
 260           4             260           241           261           280 
 261           4             261           262           282           281 
 262           4             262           263           283           282 
 263           4             263           264           284           283 
 264           4             264           265           285           284 
 265           4             265           266           286           285 
 266           4             266           267           287           286 
 267           4             267           268           288           287 
 268           4             268           269           289           288 
 269           4             269           270           290           289 
 270           4             270           271           291           290 
 271           4             271           272           292           291 
 272           4             272           273           293           292 
 273           4             273           274           294           293 
 274           4             274           275           295           294 
 275           4             275           276           296           295 
 276           4             276           277           297           296 
 277           4             277           278           298           297 
 278           4             278           279           299           298 
 279           4             279           280           300           299 
 280           4             280           261           281           300 
 281           4             281           282           302           301 
 282           4             282           283           303           302 
 283           4             283           284           304           303 
 284           4             284           285           305           304 
 285           4             285           286           306           305 
 286           4             286           287           307           306 
 287           4             287           288           308           307 
 288           4             288           289           309           308 
 289           4             289           290           310           309 
 290           4             290           291           311           310 
 291           4             291           292           312           311 
 292           4             292           293           313           312 
 293           4             293           294           314           313 
 294           4             294           295           315           314 
 295           4             295           296           316           315 
 296           4             296           297           317           316 
 297           4             297           298           318           317 
 298           4             298           299           319           318 
 299           4             299           300           320           319 
 300           4             300           281           301           320 
 301           4             301           302           322           321 
 302           4             302           303           323           322 
 303           4             303           304           324           323 
 304           4             304           305           325           324 
 305           4             305           306           326           325 
 306           4             306           307           327           326 
 307           4             307           308           328           327 
 308           4             308           309           329           328 
 309           4             309           310           330           329 
 310           4             310           311           331           330 
 311           4             311           312           332           331 
 312           4             312           313           333           332 
 313           4             313           314           334           333 
 314           4             314           315           335           334 
 315           4             315           316           336           335 
 316           4             316           317           337           336 
 317           4             317           318           338           337 
 318           4             318           319           339           338 
 319           4             319           320           340           339 
 320           4             320           301           321           340 
 321           4             321           322           342           341 
 322           4             322           323           343           342 
 323           4             323           324           344           343 
 324           4             324           325           345           344 
 325           4             325           326           346           345 
 326           4             326           327           347           346 
 327           4             327           328           348           347 
 328           4             328           329           349           348 
 329           4             329           330           350           349 
 330           4             330           331           351           350 
 331           4             331           332           352           351 
 332           4             332           333           353           352 
 333           4             333           334           354           353 
 334           4             334           335           355           354 
 335           4             335           336           356           355 
 336           4             336           337           357           356 
 337           4             337           338           358           357 
 338           4             338           339           359           358 
 339           4             339           340           360           359 
 340           4             340           321           341           360 
 341           4             341           342           362           361 
 342           4             342           343           363           362 
 343           4             343           344           364           363 
 344           4             344           345           365           364 
 345           4             345           346           366           365 
 346           4             346           347           367           366 
 347           4             347           348           368           367 
 348           4             348           349           369           368 
 349           4             349           350           370           369 
 350           4             350           351           371           370 
 351           4             351           352           372           371 
 352           4             352           353           373           372 
 353           4             353           354           374           373 
 354           4             354           355           375           374 
 355           4             355           356           376           375 
 356           4             356           357           377           376 
 357           4             357           358           378           377 
 358           4             358           359           379           378 
 359           4             359           360           380           379 
 360           4             360           341           361           380 
 361           4             361           362           382           381 
 362           4             362           363           383           382 
 363           4             363           364           384           383 
 364           4             364           365           385           384 
 365           4             365           366           386           385 
 366           4             366           367           387           386 
 367           4             367           368           388           387 
 368           4             368           369           389           388 
 369           4             369           370           390           389 
 370           4             370           371           391           390 
 371           4             371           372           392           391 
 372           4             372           373           393           392 
 373           4             373           374           394           393 
 374           4             374           375           395           394 
 375           4             375           376           396           395 
 376           4             376           377           397           396 
 377           4             377           378           398           397 
 378           4             378           379           399           398 
 379           4             379           380           400           399 
 380           4             380           361           381           400 
