 200           200 
 1             0             100           0 
 2             34            93            0 
 3             64            76            0 
 4             86            50            0 
 5             98            17            0 
 6             98           -18            0 
 7             86           -50            0 
 8             64           -77            0 
 9             34           -94            0 
 10            0            -100           0 
 11            0             100           0 
 12            32            93            10 
 13            61            76            19 
 14            82            50            26 
 15            93            17            30 
 16            93           -18            30 
 17            82           -50            26 
 18            61           -77            19 
 19            32           -94            10 
 20            0            -100           0 
 21            0             100           0 
 22            27            93            20 
 23            52            76            37 
 24            70            50            50 
 25            79            17            57 
 26            79           -18            57 
 27            70           -50            50 
 28            52           -77            37 
 29            27           -94            20 
 30            0            -100           0 
 31            0             100           0 
 32            20            93            27 
 33            37            76            52 
 34            50            50            70 
 35            57            17            79 
 36            57           -18            79 
 37            50           -50            70 
 38            37           -77            52 
 39            20           -94            27 
 40            0            -100           0 
 41            0             100           0 
 42            10            93            32 
 43            19            76            61 
 44            26            50            82 
 45            30            17            93 
 46            30           -18            93 
 47            26           -50            82 
 48            19           -77            61 
 49            10           -94            32 
 50            0            -100           0 
 51            0             100           0 
 52           -1             93            34 
 53            0             76            64 
 54            0             50            86 
 55            0             17            98 
 56            0            -18            98 
 57            0            -50            86 
 58            0            -77            64 
 59           -1            -94            34 
 60            0            -100           0 
 61            0             100           0 
 62           -11            93            32 
 63           -20            76            61 
 64           -27            50            82 
 65           -31            17            93 
 66           -31           -18            93 
 67           -27           -50            82 
 68           -20           -77            61 
 69           -11           -94            32 
 70           -1            -100           0 
 71            0             100           0 
 72           -21            93            27 
 73           -38            76            52 
 74           -51            50            70 
 75           -58            17            79 
 76           -58           -18            79 
 77           -51           -50            70 
 78           -38           -77            52 
 79           -21           -94            27 
 80           -1            -100           0 
 81            0             100           0 
 82           -28            93            20 
 83           -53            76            37 
 84           -71            50            50 
 85           -80            17            57 
 86           -80           -18            57 
 87           -71           -50            50 
 88           -53           -77            37 
 89           -28           -94            20 
 90           -1            -100           0 
 91            0             100           0 
 92           -33            93            10 
 93           -62            76            19 
 94           -83            50            26 
 95           -94            17            30 
 96           -94           -18            30 
 97           -83           -50            26 
 98           -62           -77            19 
 99           -33           -94            10 
 100          -1            -100           0 
 101           0             100           0 
 102          -35            93           -1 
 103          -65            76            0 
 104          -87            50           -1 
 105          -99            17            0 
 106          -99           -18            0 
 107          -87           -50            0 
 108          -65           -77            0 
 109          -35           -94           -1 
 110          -1            -100          -1 
 111           0             100           0 
 112          -33            93           -11 
 113          -62            76           -20 
 114          -83            50           -27 
 115          -94            17           -31 
 116          -94           -18           -31 
 117          -83           -50           -27 
 118          -62           -77           -20 
 119          -33           -94           -11 
 120          -1            -100          -1 
 121           0             100           0 
 122          -28            93           -21 
 123          -53            76           -38 
 124          -71            50           -51 
 125          -80            17           -58 
 126          -80           -18           -58 
 127          -71           -50           -51 
 128          -53           -77           -38 
 129          -28           -94           -21 
 130          -1            -100          -1 
 131           0             100           0 
 132          -21            93           -28 
 133          -38            76           -53 
 134          -51            50           -71 
 135          -58            17           -80 
 136          -58           -18           -80 
 137          -51           -50           -71 
 138          -38           -77           -53 
 139          -21           -94           -28 
 140          -1            -100          -1 
 141           0             100           0 
 142          -11            93           -33 
 143          -20            76           -62 
 144          -27            50           -83 
 145          -31            17           -94 
 146          -31           -18           -94 
 147          -27           -50           -83 
 148          -20           -77           -62 
 149          -11           -94           -33 
 150          -1            -100          -1 
 151           0             100           0 
 152           0             93           -35 
 153          -1             76           -65 
 154           0             50           -87 
 155           0             17           -99 
 156           0            -18           -99 
 157          -1            -50           -87 
 158          -1            -77           -65 
 159          -1            -94           -35 
 160           0            -100          -1 
 161           0             100           0 
 162           10            93           -33 
 163           19            76           -62 
 164           26            50           -83 
 165           30            17           -94 
 166           30           -18           -94 
 167           26           -50           -83 
 168           19           -77           -62 
 169           10           -94           -33 
 170           0            -100          -1 
 171           0             100           0 
 172           20            93           -28 
 173           37            76           -53 
 174           50            50           -71 
 175           57            17           -80 
 176           57           -18           -80 
 177           50           -50           -71 
 178           37           -77           -53 
 179           20           -94           -28 
 180           0            -100          -1 
 181           0             100           0 
 182           27            93           -21 
 183           52            76           -38 
 184           70            50           -51 
 185           79            17           -58 
 186           79           -18           -58 
 187           70           -50           -51 
 188           52           -77           -38 
 189           27           -94           -21 
 190           0            -100          -1 
 191           0             100           0 
 192           32            93           -11 
 193           61            76           -20 
 194           82            50           -27 
 195           93            17           -31 
 196           93           -18           -31 
 197           82           -50           -27 
 198           61           -77           -20 
 199           32           -94           -11 
 200           0            -100          -1 
 1            4              1             2             12            11 
 2            4              2             3             13            12 
 3            4              3             4             14            13 
 4            4              4             5             15            14 
 5            4              5             6             16            15 
 6            4              6             7             17            16 
 7            4              7             8             18            17 
 8            4              8             9             19            18 
 9            4              9             10            20            19 
 10           4              10            10            10            10 
 11           4              11            12            22            21 
 12           4              12            13            23            22 
 13           4              13            14            24            23 
 14           4              14            15            25            24 
 15           4              15            16            26            25 
 16           4              16            17            27            26 
 17           4              17            18            28            27 
 18           4              18            19            29            28 
 19           4              19            20            30            29 
 20           4              10            10            10            10 
 21           4              21            22            32            31 
 22           4              22            23            33            32 
 23           4              23            24            34            33 
 24           4              24            25            35            34 
 25           4              25            26            36            35 
 26           4              26            27            37            36 
 27           4              27            28            38            37 
 28           4              28            29            39            38 
 29           4              29            30            40            39 
 30           4              10            10            10            10 
 31           4              31            32            42            41 
 32           4              32            33            43            42 
 33           4              33            34            44            43 
 34           4              34            35            45            44 
 35           4              35            36            46            45 
 36           4              36            37            47            46 
 37           4              37            38            48            47 
 38           4              38            39            49            48 
 39           4              39            40            50            49 
 40           4              10            10            10            10 
 41           4              41            42            52            51 
 42           4              42            43            53            52 
 43           4              43            44            54            53 
 44           4              44            45            55            54 
 45           4              45            46            56            55 
 46           4              46            47            57            56 
 47           4              47            48            58            57 
 48           4              48            49            59            58 
 49           4              49            50            60            59 
 50           4              10            10            10            10 
 51           4              51            52            62            61 
 52           4              52            53            63            62 
 53           4              53            54            64            63 
 54           4              54            55            65            64 
 55           4              55            56            66            65 
 56           4              56            57            67            66 
 57           4              57            58            68            67 
 58           4              58            59            69            68 
 59           4              59            60            70            69 
 60           4              10            10            10            10 
 61           4              61            62            72            71 
 62           4              62            63            73            72 
 63           4              63            64            74            73 
 64           4              64            65            75            74 
 65           4              65            66            76            75 
 66           4              66            67            77            76 
 67           4              67            68            78            77 
 68           4              68            69            79            78 
 69           4              69            70            80            79 
 70           4              10            10            10            10 
 71           4              71            72            82            81 
 72           4              72            73            83            82 
 73           4              73            74            84            83 
 74           4              74            75            85            84 
 75           4              75            76            86            85 
 76           4              76            77            87            86 
 77           4              77            78            88            87 
 78           4              78            79            89            88 
 79           4              79            80            90            89 
 80           4              10            10            10            10 
 81           4              81            82            92            91 
 82           4              82            83            93            92 
 83           4              83            84            94            93 
 84           4              84            85            95            94 
 85           4              85            86            96            95 
 86           4              86            87            97            96 
 87           4              87            88            98            97 
 88           4              88            89            99            98 
 89           4              89            90            100           99 
 90           4              10            10            10            10 
 91           4              91            92            102           101 
 92           4              92            93            103           102 
 93           4              93            94            104           103 
 94           4              94            95            105           104 
 95           4              95            96            106           105 
 96           4              96            97            107           106 
 97           4              97            98            108           107 
 98           4              98            99            109           108 
 99           4              99            100           110           109 
 100          4              10            10            10            10 
 101          4              101           102           112           111 
 102          4              102           103           113           112 
 103          4              103           104           114           113 
 104          4              104           105           115           114 
 105          4              105           106           116           115 
 106          4              106           107           117           116 
 107          4              107           108           118           117 
 108          4              108           109           119           118 
 109          4              109           110           120           119 
 110          4              10            10            10            10 
 111          4              111           112           122           121 
 112          4              112           113           123           122 
 113          4              113           114           124           123 
 114          4              114           115           125           124 
 115          4              115           116           126           125 
 116          4              116           117           127           126 
 117          4              117           118           128           127 
 118          4              118           119           129           128 
 119          4              119           120           130           129 
 120          4              10            10            10            10 
 121          4              121           122           132           131 
 122          4              122           123           133           132 
 123          4              123           124           134           133 
 124          4              124           125           135           134 
 125          4              125           126           136           135 
 126          4              126           127           137           136 
 127          4              127           128           138           137 
 128          4              128           129           139           138 
 129          4              129           130           140           139 
 130          4              10            10            10            10 
 131          4              131           132           142           141 
 132          4              132           133           143           142 
 133          4              133           134           144           143 
 134          4              134           135           145           144 
 135          4              135           136           146           145 
 136          4              136           137           147           146 
 137          4              137           138           148           147 
 138          4              138           139           149           148 
 139          4              139           140           150           149 
 140          4              10            10            10            10 
 141          4              141           142           152           151 
 142          4              142           143           153           152 
 143          4              143           144           154           153 
 144          4              144           145           155           154 
 145          4              145           146           156           155 
 146          4              146           147           157           156 
 147          4              147           148           158           157 
 148          4              148           149           159           158 
 149          4              149           150           160           159 
 150          4              10            10            10            10 
 151          4              151           152           162           161 
 152          4              152           153           163           162 
 153          4              153           154           164           163 
 154          4              154           155           165           164 
 155          4              155           156           166           165 
 156          4              156           157           167           166 
 157          4              157           158           168           167 
 158          4              158           159           169           168 
 159          4              159           160           170           169 
 160          4              10            10            10            10 
 161          4              161           162           172           171 
 162          4              162           163           173           172 
 163          4              163           164           174           173 
 164          4              164           165           175           174 
 165          4              165           166           176           175 
 166          4              166           167           177           176 
 167          4              167           168           178           177 
 168          4              168           169           179           178 
 169          4              169           170           180           179 
 170          4              10            10            10            10 
 171          4              171           172           182           181 
 172          4              172           173           183           182 
 173          4              173           174           184           183 
 174          4              174           175           185           184 
 175          4              175           176           186           185 
 176          4              176           177           187           186 
 177          4              177           178           188           187 
 178          4              178           179           189           188 
 179          4              179           180           190           189 
 180          4              10            10            10            10 
 181          4              181           182           192           191 
 182          4              182           183           193           192 
 183          4              183           184           194           193 
 184          4              184           185           195           194 
 185          4              185           186           196           195 
 186          4              186           187           197           196 
 187          4              187           188           198           197 
 188          4              188           189           199           198 
 189          4              189           190           200           199 
 190          4              10            10            10            10 
 191          4              191           192           2             1 
 192          4              192           193           3             2 
 193          4              193           194           4             3 
 194          4              194           195           5             4 
 195          4              195           196           6             5 
 196          4              196           197           7             6 
 197          4              197           198           8             7 
 198          4              198           199           9             8 
 199          4              199           200           10            9 
 200          4              10            10            10            10 
