 200           200 
 1             100           50            0 
 2             129           40            0 
 3             147           15            0 
 4             147          -16            0 
 5             129          -41            0 
 6             99           -50            0 
 7             70           -41            0 
 8             52           -16            0 
 9             52            15            0 
 10            70            40            0 
 11            95            50            30 
 12            123           40            39 
 13            140           15            45 
 14            140          -16            45 
 15            123          -41            39 
 16            95           -50            30 
 17            67           -41            21 
 18            49           -16            16 
 19            49            15            16 
 20            67            40            21 
 21            80            50            58 
 22            104           40            76 
 23            119           15            86 
 24            119          -16            86 
 25            104          -41            76 
 26            80           -50            58 
 27            57           -41            41 
 28            42           -16            30 
 29            42            15            30 
 30            57            40            41 
 31            58            50            80 
 32            76            40            104 
 33            86            15            119 
 34            86           -16            119 
 35            76           -41            104 
 36            58           -50            80 
 37            41           -41            57 
 38            30           -16            42 
 39            30            15            42 
 40            41            40            57 
 41            30            50            95 
 42            39            40            123 
 43            45            15            140 
 44            45           -16            140 
 45            39           -41            123 
 46            30           -50            95 
 47            21           -41            67 
 48            16           -16            49 
 49            16            15            49 
 50            21            40            67 
 51           -1             50            100 
 52           -1             40            129 
 53           -1             15            147 
 54           -1            -16            147 
 55           -1            -41            129 
 56           -1            -50            99 
 57           -1            -41            70 
 58           -1            -16            52 
 59           -1             15            52 
 60           -1             40            70 
 61           -31            50            95 
 62           -40            40            123 
 63           -46            15            140 
 64           -46           -16            140 
 65           -40           -41            123 
 66           -31           -50            95 
 67           -22           -41            67 
 68           -17           -16            49 
 69           -17            15            49 
 70           -22            40            67 
 71           -59            50            80 
 72           -77            40            104 
 73           -87            15            119 
 74           -87           -16            119 
 75           -77           -41            104 
 76           -59           -50            80 
 77           -42           -41            57 
 78           -31           -16            42 
 79           -31            15            42 
 80           -42            40            57 
 81           -81            50            58 
 82           -105           40            76 
 83           -120           15            86 
 84           -120          -16            86 
 85           -105          -41            76 
 86           -81           -50            58 
 87           -58           -41            41 
 88           -43           -16            30 
 89           -43            15            30 
 90           -58            40            41 
 91           -96            50            30 
 92           -124           40            39 
 93           -141           15            45 
 94           -141          -16            45 
 95           -124          -41            39 
 96           -96           -50            30 
 97           -68           -41            21 
 98           -50           -16            16 
 99           -50            15            16 
 100          -68            40            21 
 101          -101           50           -1 
 102          -130           40           -1 
 103          -148           15           -1 
 104          -148          -16           -1 
 105          -130          -41           -1 
 106          -100          -50           -1 
 107          -71           -41           -1 
 108          -53           -16           -1 
 109          -53            15           -1 
 110          -71            40           -1 
 111          -96            50           -31 
 112          -124           40           -40 
 113          -141           15           -46 
 114          -141          -16           -46 
 115          -124          -41           -40 
 116          -96           -50           -31 
 117          -68           -41           -22 
 118          -50           -16           -17 
 119          -50            15           -17 
 120          -68            40           -22 
 121          -81            50           -59 
 122          -105           40           -77 
 123          -120           15           -87 
 124          -120          -16           -87 
 125          -105          -41           -77 
 126          -81           -50           -59 
 127          -58           -41           -42 
 128          -43           -16           -31 
 129          -43            15           -31 
 130          -58            40           -42 
 131          -59            50           -81 
 132          -77            40           -105 
 133          -87            15           -120 
 134          -87           -16           -120 
 135          -77           -41           -105 
 136          -59           -50           -81 
 137          -42           -41           -58 
 138          -31           -16           -43 
 139          -31            15           -43 
 140          -42            40           -58 
 141          -31            50           -96 
 142          -40            40           -124 
 143          -46            15           -141 
 144          -46           -16           -141 
 145          -40           -41           -124 
 146          -31           -50           -96 
 147          -22           -41           -68 
 148          -17           -16           -50 
 149          -17            15           -50 
 150          -22            40           -68 
 151           0             50           -100 
 152           0             40           -130 
 153           0             15           -148 
 154           0            -16           -148 
 155           0            -41           -130 
 156           0            -50           -100 
 157           0            -41           -71 
 158           0            -16           -53 
 159           0             15           -53 
 160           0             40           -71 
 161           30            50           -96 
 162           39            40           -124 
 163           45            15           -141 
 164           45           -16           -141 
 165           39           -41           -124 
 166           30           -50           -96 
 167           21           -41           -68 
 168           16           -16           -50 
 169           16            15           -50 
 170           21            40           -68 
 171           58            50           -81 
 172           76            40           -105 
 173           86            15           -120 
 174           86           -16           -120 
 175           76           -41           -105 
 176           58           -50           -81 
 177           41           -41           -58 
 178           30           -16           -43 
 179           30            15           -43 
 180           41            40           -58 
 181           80            50           -59 
 182           104           40           -77 
 183           119           15           -87 
 184           119          -16           -87 
 185           104          -41           -77 
 186           80           -50           -59 
 187           57           -41           -42 
 188           42           -16           -31 
 189           42            15           -31 
 190           57            40           -42 
 191           95            50           -31 
 192           123           40           -40 
 193           140           15           -46 
 194           140          -16           -46 
 195           123          -41           -40 
 196           95           -50           -31 
 197           67           -41           -22 
 198           49           -16           -17 
 199           49            15           -17 
 200           67            40           -22 
 1            4              1             2             12            11 
 2            4              2             3             13            12 
 3            4              3             4             14            13 
 4            4              4             5             15            14 
 5            4              5             6             16            15 
 6            4              6             7             17            16 
 7            4              7             8             18            17 
 8            4              8             9             19            18 
 9            4              9             10            20            19 
 10           4              10            1             11            20 
 11           4              11            12            22            21 
 12           4              12            13            23            22 
 13           4              13            14            24            23 
 14           4              14            15            25            24 
 15           4              15            16            26            25 
 16           4              16            17            27            26 
 17           4              17            18            28            27 
 18           4              18            19            29            28 
 19           4              19            20            30            29 
 20           4              20            11            21            30 
 21           4              21            22            32            31 
 22           4              22            23            33            32 
 23           4              23            24            34            33 
 24           4              24            25            35            34 
 25           4              25            26            36            35 
 26           4              26            27            37            36 
 27           4              27            28            38            37 
 28           4              28            29            39            38 
 29           4              29            30            40            39 
 30           4              30            21            31            40 
 31           4              31            32            42            41 
 32           4              32            33            43            42 
 33           4              33            34            44            43 
 34           4              34            35            45            44 
 35           4              35            36            46            45 
 36           4              36            37            47            46 
 37           4              37            38            48            47 
 38           4              38            39            49            48 
 39           4              39            40            50            49 
 40           4              40            31            41            50 
 41           4              41            42            52            51 
 42           4              42            43            53            52 
 43           4              43            44            54            53 
 44           4              44            45            55            54 
 45           4              45            46            56            55 
 46           4              46            47            57            56 
 47           4              47            48            58            57 
 48           4              48            49            59            58 
 49           4              49            50            60            59 
 50           4              50            41            51            60 
 51           4              51            52            62            61 
 52           4              52            53            63            62 
 53           4              53            54            64            63 
 54           4              54            55            65            64 
 55           4              55            56            66            65 
 56           4              56            57            67            66 
 57           4              57            58            68            67 
 58           4              58            59            69            68 
 59           4              59            60            70            69 
 60           4              60            51            61            70 
 61           4              61            62            72            71 
 62           4              62            63            73            72 
 63           4              63            64            74            73 
 64           4              64            65            75            74 
 65           4              65            66            76            75 
 66           4              66            67            77            76 
 67           4              67            68            78            77 
 68           4              68            69            79            78 
 69           4              69            70            80            79 
 70           4              70            61            71            80 
 71           4              71            72            82            81 
 72           4              72            73            83            82 
 73           4              73            74            84            83 
 74           4              74            75            85            84 
 75           4              75            76            86            85 
 76           4              76            77            87            86 
 77           4              77            78            88            87 
 78           4              78            79            89            88 
 79           4              79            80            90            89 
 80           4              80            71            81            90 
 81           4              81            82            92            91 
 82           4              82            83            93            92 
 83           4              83            84            94            93 
 84           4              84            85            95            94 
 85           4              85            86            96            95 
 86           4              86            87            97            96 
 87           4              87            88            98            97 
 88           4              88            89            99            98 
 89           4              89            90            100           99 
 90           4              90            81            91            100 
 91           4              91            92            102           101 
 92           4              92            93            103           102 
 93           4              93            94            104           103 
 94           4              94            95            105           104 
 95           4              95            96            106           105 
 96           4              96            97            107           106 
 97           4              97            98            108           107 
 98           4              98            99            109           108 
 99           4              99            100           110           109 
 100          4              100           91            101           110 
 101          4              101           102           112           111 
 102          4              102           103           113           112 
 103          4              103           104           114           113 
 104          4              104           105           115           114 
 105          4              105           106           116           115 
 106          4              106           107           117           116 
 107          4              107           108           118           117 
 108          4              108           109           119           118 
 109          4              109           110           120           119 
 110          4              110           101           111           120 
 111          4              111           112           122           121 
 112          4              112           113           123           122 
 113          4              113           114           124           123 
 114          4              114           115           125           124 
 115          4              115           116           126           125 
 116          4              116           117           127           126 
 117          4              117           118           128           127 
 118          4              118           119           129           128 
 119          4              119           120           130           129 
 120          4              120           111           121           130 
 121          4              121           122           132           131 
 122          4              122           123           133           132 
 123          4              123           124           134           133 
 124          4              124           125           135           134 
 125          4              125           126           136           135 
 126          4              126           127           137           136 
 127          4              127           128           138           137 
 128          4              128           129           139           138 
 129          4              129           130           140           139 
 130          4              130           121           131           140 
 131          4              131           132           142           141 
 132          4              132           133           143           142 
 133          4              133           134           144           143 
 134          4              134           135           145           144 
 135          4              135           136           146           145 
 136          4              136           137           147           146 
 137          4              137           138           148           147 
 138          4              138           139           149           148 
 139          4              139           140           150           149 
 140          4              140           131           141           150 
 141          4              141           142           152           151 
 142          4              142           143           153           152 
 143          4              143           144           154           153 
 144          4              144           145           155           154 
 145          4              145           146           156           155 
 146          4              146           147           157           156 
 147          4              147           148           158           157 
 148          4              148           149           159           158 
 149          4              149           150           160           159 
 150          4              150           141           151           160 
 151          4              151           152           162           161 
 152          4              152           153           163           162 
 153          4              153           154           164           163 
 154          4              154           155           165           164 
 155          4              155           156           166           165 
 156          4              156           157           167           166 
 157          4              157           158           168           167 
 158          4              158           159           169           168 
 159          4              159           160           170           169 
 160          4              160           151           161           170 
 161          4              161           162           172           171 
 162          4              162           163           173           172 
 163          4              163           164           174           173 
 164          4              164           165           175           174 
 165          4              165           166           176           175 
 166          4              166           167           177           176 
 167          4              167           168           178           177 
 168          4              168           169           179           178 
 169          4              169           170           180           179 
 170          4              170           161           171           180 
 171          4              171           172           182           181 
 172          4              172           173           183           182 
 173          4              173           174           184           183 
 174          4              174           175           185           184 
 175          4              175           176           186           185 
 176          4              176           177           187           186 
 177          4              177           178           188           187 
 178          4              178           179           189           188 
 179          4              179           180           190           189 
 180          4              180           171           181           190 
 181          4              181           182           192           191 
 182          4              182           183           193           192 
 183          4              183           184           194           193 
 184          4              184           185           195           194 
 185          4              185           186           196           195 
 186          4              186           187           197           196 
 187          4              187           188           198           197 
 188          4              188           189           199           198 
 189          4              189           190           200           199 
 190          4              190           181           191           200 
 191          4              191           192           2             1 
 192          4              192           193           3             2 
 193          4              193           194           4             3 
 194          4              194           195           5             4 
 195          4              195           196           6             5 
 196          4              196           197           7             6 
 197          4              197           198           8             7 
 198          4              198           199           9             8 
 199          4              199           200           10            9 
 200          4              200           191           1             10 
