 256  225 
 1  50  100  0 
 2  45  115  0 
 3  33  127  0 
 4  15  135  0 
 5 -6  137  0 
 6 -26  132  0 
 7 -41  122  0 
 8 -49  107  0 
 9 -49  92  0 
 10 -41  77  0 
 11 -25  67  0 
 12 -6  62  0 
 13  15  64  0 
 14  33  72  0 
 15  45  84  0 
 16  50  100  0 
 17  50  91  40 
 18  45  105  46 
 19  33  116  52 
 20  15  123  55 
 21 -6  125  55 
 22 -26  121  53 
 23 -41  111  49 
 24 -49  98  43 
 25 -49  84  37 
 26 -41  71  31 
 27 -25  61  27 
 28 -6  57  25 
 29  15  58  26 
 30  33  65  29 
 31  45  77  34 
 32  50  91  40 
 33  50  66  74 
 34  45  77  85 
 35  33  85  95 
 36  15  90  100 
 37 -6  91  102 
 38 -26  88  98 
 39 -41  81  90 
 40 -49  72  80 
 41 -49  61  68 
 42 -41  52  57 
 43 -25  45  50 
 44 -6  41  46 
 45  15  43  47 
 46  33  48  53 
 47  45  56  62 
 48  50  66  74 
 49  50  30  95 
 50  45  35  109 
 51  33  39  121 
 52  15  41  129 
 53 -6  42  130 
 54 -26  40  125 
 55 -41  37  116 
 56 -49  33  102 
 57 -49  28  87 
 58 -41  24  74 
 59 -25  20  64 
 60 -6  19  59 
 61  15  19  61 
 62  33  22  68 
 63  45  26  80 
 64  50  30  95 
 65  50 -11  99 
 66  45 -13  114 
 67  33 -14  127 
 68  15 -15  134 
 69 -6 -15  136 
 70 -26 -14  131 
 71 -41 -13  121 
 72 -49 -12  107 
 73 -49 -10  91 
 74 -41 -9  77 
 75 -25 -8  67 
 76 -6 -7  62 
 77  15 -7  63 
 78  33 -8  71 
 79  45 -9  84 
 80  50 -11  99 
 81  50 -51  86 
 82  45 -58  99 
 83  33 -64  110 
 84  15 -68  117 
 85 -6 -69  118 
 86 -26 -67  114 
 87 -41 -62  105 
 88 -49 -54  93 
 89 -49 -47  79 
 90 -41 -39  67 
 91 -25 -34  58 
 92 -6 -32  54 
 93  15 -33  55 
 94  33 -37  62 
 95  45 -43  73 
 96  50 -51  86 
 97  50 -81  58 
 98  45 -94  67 
 99  33 -104  75 
 100  15 -110  79 
 101 -6 -112  80 
 102 -26 -108  77 
 103 -41 -99  71 
 104 -49 -88  63 
 105 -49 -75  54 
 106 -41 -64  45 
 107 -25 -55  39 
 108 -6 -51  36 
 109  15 -53  37 
 110  33 -59  42 
 111  45 -69  49 
 112  50 -81  58 
 113  50 -98  20 
 114  45 -113  23 
 115  33 -126  26 
 116  15 -133  28 
 117 -6 -135  28 
 118 -26 -130  27 
 119 -41 -120  25 
 120 -49 -106  22 
 121 -49 -91  19 
 122 -41 -77  16 
 123 -25 -67  14 
 124 -6 -62  13 
 125  15 -63  13 
 126  33 -71  14 
 127  45 -83  17 
 128  50 -98  20 
 129  50 -98 -21 
 130  45 -113 -24 
 131  33 -126 -27 
 132  15 -133 -29 
 133 -6 -135 -29 
 134 -26 -130 -28 
 135 -41 -120 -26 
 136 -49 -106 -23 
 137 -49 -91 -20 
 138 -41 -77 -17 
 139 -25 -67 -15 
 140 -6 -62 -14 
 141  15 -63 -14 
 142  33 -71 -15 
 143  45 -83 -18 
 144  50 -98 -21 
 145  50 -81 -59 
 146  45 -94 -68 
 147  33 -104 -76 
 148  15 -110 -80 
 149 -6 -112 -81 
 150 -26 -108 -78 
 151 -41 -99 -72 
 152 -49 -88 -64 
 153 -49 -75 -55 
 154 -41 -64 -46 
 155 -25 -55 -40 
 156 -6 -51 -37 
 157  15 -53 -38 
 158  33 -59 -43 
 159  45 -69 -50 
 160  50 -81 -59 
 161  50 -50 -87 
 162  45 -58 -100 
 163  33 -64 -111 
 164  15 -68 -118 
 165 -6 -69 -119 
 166 -26 -67 -115 
 167 -41 -62 -106 
 168 -49 -54 -94 
 169 -49 -47 -80 
 170 -41 -39 -68 
 171 -25 -34 -59 
 172 -6 -32 -55 
 173  15 -33 -56 
 174  33 -37 -63 
 175  45 -43 -74 
 176  50 -50 -87 
 177  50 -11 -100 
 178  45 -13 -115 
 179  33 -14 -128 
 180  15 -15 -135 
 181 -6 -15 -137 
 182 -26 -14 -132 
 183 -41 -13 -122 
 184 -49 -12 -108 
 185 -49 -10 -92 
 186 -41 -9 -78 
 187 -25 -8 -68 
 188 -6 -7 -63 
 189  15 -7 -64 
 190  33 -8 -72 
 191  45 -9 -85 
 192  50 -11 -100 
 193  50  30 -96 
 194  45  35 -110 
 195  33  39 -122 
 196  15  41 -130 
 197 -6  42 -131 
 198 -26  40 -126 
 199 -41  37 -117 
 200 -49  33 -103 
 201 -49  28 -88 
 202 -41  24 -75 
 203 -25  20 -65 
 204 -6  19 -60 
 205  15  19 -62 
 206  33  22 -69 
 207  45  26 -81 
 208  50  30 -96 
 209  50  66 -75 
 210  45  77 -86 
 211  33  85 -96 
 212  15  90 -101 
 213 -6  91 -103 
 214 -26  88 -99 
 215 -41  81 -91 
 216 -49  72 -81 
 217 -49  61 -69 
 218 -41  52 -58 
 219 -25  45 -51 
 220 -6  41 -47 
 221  15  43 -48 
 222  33  48 -54 
 223  45  56 -63 
 224  50  66 -75 
 225  50  91 -41 
 226  45  105 -47 
 227  33  116 -53 
 228  15  123 -56 
 229 -6  125 -56 
 230 -26  121 -54 
 231 -41  111 -50 
 232 -49  98 -44 
 233 -49  84 -38 
 234 -41  71 -32 
 235 -25  61 -28 
 236 -6  57 -26 
 237  15  58 -27 
 238  33  65 -30 
 239  45  77 -35 
 240  50  91 -41 
 241  50  100  0 
 242  45  115  0 
 243  33  127  0 
 244  15  135  0 
 245 -6  137  0 
 246 -26  132  0 
 247 -41  122  0 
 248 -49  107  0 
 249 -49  92  0 
 250 -41  77  0 
 251 -25  67  0 
 252 -6  62  0 
 253  15  64  0 
 254  33  72  0 
 255  45  84  0 
 256  50  100  0 
 1  4  1  17  18  2 
 2  4  2  18  19  3 
 3  4  3  19  20  4 
 4  4  4  20  21  5 
 5  4  5  21  22  6 
 6  4  6  22  23  7 
 7  4  7  23  24  8 
 8  4  8  24  25  9 
 9  4  9  25  26  10 
 10  4  10  26  27  11 
 11  4  11  27  28  12 
 12  4  12  28  29  13 
 13  4  13  29  30  14 
 14  4  14  30  31  15 
 15  4  15  31  32  16 
 16  4  17  33  34  18 
 17  4  18  34  35  19 
 18  4  19  35  36  20 
 19  4  20  36  37  21 
 20  4  21  37  38  22 
 21  4  22  38  39  23 
 22  4  23  39  40  24 
 23  4  24  40  41  25 
 24  4  25  41  42  26 
 25  4  26  42  43  27 
 26  4  27  43  44  28 
 27  4  28  44  45  29 
 28  4  29  45  46  30 
 29  4  30  46  47  31 
 30  4  31  47  48  32 
 31  4  33  49  50  34 
 32  4  34  50  51  35 
 33  4  35  51  52  36 
 34  4  36  52  53  37 
 35  4  37  53  54  38 
 36  4  38  54  55  39 
 37  4  39  55  56  40 
 38  4  40  56  57  41 
 39  4  41  57  58  42 
 40  4  42  58  59  43 
 41  4  43  59  60  44 
 42  4  44  60  61  45 
 43  4  45  61  62  46 
 44  4  46  62  63  47 
 45  4  47  63  64  48 
 46  4  49  65  66  50 
 47  4  50  66  67  51 
 48  4  51  67  68  52 
 49  4  52  68  69  53 
 50  4  53  69  70  54 
 51  4  54  70  71  55 
 52  4  55  71  72  56 
 53  4  56  72  73  57 
 54  4  57  73  74  58 
 55  4  58  74  75  59 
 56  4  59  75  76  60 
 57  4  60  76  77  61 
 58  4  61  77  78  62 
 59  4  62  78  79  63 
 60  4  63  79  80  64 
 61  4  65  81  82  66 
 62  4  66  82  83  67 
 63  4  67  83  84  68 
 64  4  68  84  85  69 
 65  4  69  85  86  70 
 66  4  70  86  87  71 
 67  4  71  87  88  72 
 68  4  72  88  89  73 
 69  4  73  89  90  74 
 70  4  74  90  91  75 
 71  4  75  91  92  76 
 72  4  76  92  93  77 
 73  4  77  93  94  78 
 74  4  78  94  95  79 
 75  4  79  95  96  80 
 76  4  81  97  98  82 
 77  4  82  98  99  83 
 78  4  83  99  100  84 
 79  4  84  100  101  85 
 80  4  85  101  102  86 
 81  4  86  102  103  87 
 82  4  87  103  104  88 
 83  4  88  104  105  89 
 84  4  89  105  106  90 
 85  4  90  106  107  91 
 86  4  91  107  108  92 
 87  4  92  108  109  93 
 88  4  93  109  110  94 
 89  4  94  110  111  95 
 90  4  95  111  112  96 
 91  4  97  113  114  98 
 92  4  98  114  115  99 
 93  4  99  115  116  100 
 94  4  100  116  117  101 
 95  4  101  117  118  102 
 96  4  102  118  119  103 
 97  4  103  119  120  104 
 98  4  104  120  121  105 
 99  4  105  121  122  106 
 100  4  106  122  123  107 
 101  4  107  123  124  108 
 102  4  108  124  125  109 
 103  4  109  125  126  110 
 104  4  110  126  127  111 
 105  4  111  127  128  112 
 106  4  113  129  130  114 
 107  4  114  130  131  115 
 108  4  115  131  132  116 
 109  4  116  132  133  117 
 110  4  117  133  134  118 
 111  4  118  134  135  119 
 112  4  119  135  136  120 
 113  4  120  136  137  121 
 114  4  121  137  138  122 
 115  4  122  138  139  123 
 116  4  123  139  140  124 
 117  4  124  140  141  125 
 118  4  125  141  142  126 
 119  4  126  142  143  127 
 120  4  127  143  144  128 
 121  4  129  145  146  130 
 122  4  130  146  147  131 
 123  4  131  147  148  132 
 124  4  132  148  149  133 
 125  4  133  149  150  134 
 126  4  134  150  151  135 
 127  4  135  151  152  136 
 128  4  136  152  153  137 
 129  4  137  153  154  138 
 130  4  138  154  155  139 
 131  4  139  155  156  140 
 132  4  140  156  157  141 
 133  4  141  157  158  142 
 134  4  142  158  159  143 
 135  4  143  159  160  144 
 136  4  145  161  162  146 
 137  4  146  162  163  147 
 138  4  147  163  164  148 
 139  4  148  164  165  149 
 140  4  149  165  166  150 
 141  4  150  166  167  151 
 142  4  151  167  168  152 
 143  4  152  168  169  153 
 144  4  153  169  170  154 
 145  4  154  170  171  155 
 146  4  155  171  172  156 
 147  4  156  172  173  157 
 148  4  157  173  174  158 
 149  4  158  174  175  159 
 150  4  159  175  176  160 
 151  4  161  177  178  162 
 152  4  162  178  179  163 
 153  4  163  179  180  164 
 154  4  164  180  181  165 
 155  4  165  181  182  166 
 156  4  166  182  183  167 
 157  4  167  183  184  168 
 158  4  168  184  185  169 
 159  4  169  185  186  170 
 160  4  170  186  187  171 
 161  4  171  187  188  172 
 162  4  172  188  189  173 
 163  4  173  189  190  174 
 164  4  174  190  191  175 
 165  4  175  191  192  176 
 166  4  177  193  194  178 
 167  4  178  194  195  179 
 168  4  179  195  196  180 
 169  4  180  196  197  181 
 170  4  181  197  198  182 
 171  4  182  198  199  183 
 172  4  183  199  200  184 
 173  4  184  200  201  185 
 174  4  185  201  202  186 
 175  4  186  202  203  187 
 176  4  187  203  204  188 
 177  4  188  204  205  189 
 178  4  189  205  206  190 
 179  4  190  206  207  191 
 180  4  191  207  208  192 
 181  4  193  209  210  194 
 182  4  194  210  211  195 
 183  4  195  211  212  196 
 184  4  196  212  213  197 
 185  4  197  213  214  198 
 186  4  198  214  215  199 
 187  4  199  215  216  200 
 188  4  200  216  217  201 
 189  4  201  217  218  202 
 190  4  202  218  219  203 
 191  4  203  219  220  204 
 192  4  204  220  221  205 
 193  4  205  221  222  206 
 194  4  206  222  223  207 
 195  4  207  223  224  208 
 196  4  209  225  226  210 
 197  4  210  226  227  211 
 198  4  211  227  228  212 
 199  4  212  228  229  213 
 200  4  213  229  230  214 
 201  4  214  230  231  215 
 202  4  215  231  232  216 
 203  4  216  232  233  217 
 204  4  217  233  234  218 
 205  4  218  234  235  219 
 206  4  219  235  236  220 
 207  4  220  236  237  221 
 208  4  221  237  238  222 
 209  4  222  238  239  223 
 210  4  223  239  240  224 
 211  4  225  241  242  226 
 212  4  226  242  243  227 
 213  4  227  243  244  228 
 214  4  228  244  245  229 
 215  4  229  245  246  230 
 216  4  230  246  247  231 
 217  4  231  247  248  232 
 218  4  232  248  249  233 
 219  4  233  249  250  234 
 220  4  234  250  251  235 
 221  4  235  251  252  236 
 222  4  236  252  253  237 
 223  4  237  253  254  238 
 224  4  238  254  255  239 
 225  4  239  255  256  240 
